1 5 +1
1 33 -1
2 541 +1
2 77 -1
3 217 +1
3 47 +1
3 163 +1
3 21 +1
3 393 -1
3 213 -1
3 19 -1
3 29 -1
4 47 +1
4 715 +1
4 725 -1
4 327 -1
5 163 +1
5 221 +1
5 663 -1
5 389 -1
6 47 +1
6 163 +1
6 31 +1
6 21 +1
6 213 -1
6 293 -1
6 41 -1
6 327 -1
7 405 +1
7 63 +1
7 667 -1
7 489 -1
8 21 +1
8 107 +1
8 101 -1
8 321 -1
8 51 -1
9 101 +1
9 61 +1
9 213 -1
9 669 -1
10 195 +1
10 299 +1
10 285 -1
10 301 -1
11 47 +1
11 21 +1
11 157 +1
11 163 +1
11 213 -1
11 19 -1
11 29 -1
11 141 -1
12 47 +1
12 345 +1
12 447 +1
12 29 -1
12 19 -1
12 589 -1
13 235 +1
13 233 -1
14 513 +1
14 491 +1
14 165 -1
14 381 -1
14 493 -1
15 47 +1
15 383 +1
15 585 +1
15 587 -1
15 29 -1
15 19 -1
16 581 +1
16 47 +1
16 213 +1
16 341 -1
16 29 -1
16 19 -1
17 581 +1
17 47 +1
17 163 +1
17 597 -1
17 29 -1
17 19 -1
18 205 +1
18 487 +1
18 475 -1
18 165 -1
18 481 -1
19 47 +1
19 405 +1
19 621 +1
19 623 -1
19 29 -1
19 19 -1
20 359 +1
20 47 +1
20 397 +1
20 619 -1
20 29 -1
20 19 -1
21 47 +1
21 431 +1
21 615 +1
21 29 -1
21 617 -1
21 19 -1
22 423 +1
22 47 +1
22 633 +1
22 29 -1
22 19 -1
22 635 -1
23 21 +1
23 161 +1
23 313 -1
23 51 -1
24 31 +1
24 83 +1
24 13 -1
24 29 -1
25 405 +1
25 237 +1
25 225 -1
25 495 -1
26 29 +1
26 111 +1
26 105 -1
26 93 -1
27 313 +1
27 293 +1
27 115 -1
27 103 -1
28 457 +1
28 531 +1
28 497 +1
28 533 -1
28 459 -1
28 451 -1
29 47 +1
29 29 -1
29 159 -1
30 351 +2
30 317 +1
30 691 -1
30 511 -1
31 457 +1
31 503 +1
31 451 -2
32 47 +1
32 19 +1
32 327 -2
33 405 +1
33 21 +1
33 675 +1
33 409 -1
33 507 -1
34 293 +1
34 181 +1
34 119 -1
34 103 -1
35 25 +1
35 259 +1
35 79 -1
35 209 -1
35 277 -1
36 47 +1
36 43 +1
36 41 -1
36 327 -1
37 47 +1
37 3 +1
37 95 -1
37 327 -1
38 47 +1
38 213 +1
38 681 -1
38 327 -1
39 21 +1
39 509 +1
39 505 -1
39 209 -1
40 21 +1
40 159 +1
40 19 -1
41 213 +1
41 209 +1
41 67 +1
41 215 -1
41 381 -1
41 217 -1
42 727 +1
42 21 +1
42 479 -1
43 213 +1
43 703 +1
43 507 -1
43 479 -1
44 131 +1
44 179 -1
44 127 -1
45 47 +1
45 27 +1
45 31 -1
45 327 -1
46 37 +1
46 209 +1
46 35 -1
47 485 +1
47 381 +1
47 483 -1
48 47 +1
48 109 +1
48 327 -1
48 27 -1
49 35 +1
49 99 +1
49 115 -1
49 209 -1
49 37 -1
50 25 +1
50 99 +1
50 115 -1
50 209 -1
50 79 -1
51 379 +1
51 489 +1
51 647 -1
51 579 -1
52 47 +1
52 141 +1
52 327 -1
52 121 -1
53 457 +1
53 501 +1
53 451 -1
53 499 -1
54 47 +1
54 121 +1
54 327 -1
54 39 -1
55 481 +2
55 165 -1
55 487 -1
56 217 +1
56 117 +1
56 293 -1
56 175 -1
57 71 +1
57 321 -1
57 63 -1
58 55 +1
58 89 +1
58 227 -1
58 459 -1
59 45 +1
59 145 -1
60 465 +1
60 211 +1
60 215 -1
60 551 -1
61 393 +1
61 21 +1
61 217 -1
61 51 -1
62 21 +1
62 157 +1
62 293 -1
62 137 -1
63 475 +1
63 215 +1
63 483 +1
63 247 -1
63 211 -1
63 381 -1
63 485 -1
64 81 +1
64 179 -1
64 237 -1
65 21 +1
65 701 +1
65 25 +1
65 213 -1
65 209 -1
65 79 -1
66 23 +1
66 321 -1
66 139 -1
67 243 +1
67 179 -1
67 19 -1
68 475 +1
68 215 +1
68 491 +1
68 247 -1
68 211 -1
68 381 -1
68 493 -1
69 21 +1
69 25 +1
69 129 +1
69 199 -1
69 209 -1
69 79 -1
70 21 +1
70 99 +1
70 107 -1
71 61 +1
71 723 +1
71 213 -1
71 711 -1
72 25 +1
72 187 +1
72 79 -1
72 209 -1
72 91 -1
73 491 +1
73 189 +1
73 493 -1
73 381 -1
73 185 -1
74 671 +1
74 21 +1
74 405 -1
74 383 -1
75 217 +1
75 47 +1
75 611 +1
75 613 -1
75 19 -1
75 29 -1
76 47 +1
76 213 +1
76 343 +1
76 29 -1
76 583 -1
76 19 -1
77 61 +1
77 225 +1
77 213 -1
77 701 -1
78 17 +1
78 11 -1
78 145 -1
79 35 +1
79 351 +2
79 691 -1
79 209 -1
79 37 -1
80 299 +1
80 491 +1
80 471 -1
80 211 -1
80 381 -1
80 493 -1
81 21 +1
81 119 +1
81 51 -1
81 129 -1
82 25 +1
82 489 +1
82 669 +1
82 321 -1
82 63 -1
82 209 -1
82 79 -1
83 47 +1
83 393 +1
83 601 +1
83 29 -1
83 19 -1
83 625 -1
84 61 +1
84 189 +1
84 211 -1
84 187 -1
85 25 +1
85 235 +1
85 221 -1
85 209 -1
85 79 -1
86 457 +1
86 453 +1
86 487 +1
86 165 -1
86 477 -1
86 503 -1
87 47 +1
87 11 +1
87 327 -1
87 45 -1
88 339 +1
88 5 -1
89 21 +1
89 35 +1
89 559 +1
89 561 -1
89 213 -1
89 209 -1
89 37 -1
90 21 +1
90 25 +1
90 559 +1
90 561 -1
90 213 -1
90 209 -1
90 79 -1
91 245 +1
91 451 +2.3
91 459 +2.3
91 323 +0.5
91 381 +2
91 93 -1
91 457 -2.3
91 475 -1
92 675 +1
92 25 +1
92 509 -1
92 79 -1
93 47 +1
93 221 +1
93 251 -1
93 327 -1
94 677 +1
94 209 +1
94 79 +1
94 21 -1
94 679 -1
94 25 -1
95 677 +1
95 61 +1
95 655 -1
95 213 -1
96 155 +1
96 21 +1
96 293 -1
96 135 -1
97 187 +1
97 459 +1
97 189 -1
97 293 -1
98 155 +1
98 21 +1
98 143 -1
99 21 +1
99 405 +1
99 317 +1
99 657 -1
99 51 -1
99 511 -1
100 701 +1
100 375 -1
100 21 -1
101 507 +1
101 35 +1
101 693 -1
101 209 -1
101 37 -1
102 293 +1
102 701 +1
102 35 +1
102 681 -1
102 209 -1
102 37 -1
103 217 +1
103 47 +1
103 601 +1
103 29 -1
103 19 -1
103 603 -1
104 47 +1
104 237 +1
104 605 +1
104 29 -1
104 19 -1
104 607 -1
105 29 +1
105 141 +1
105 105 -1
105 119 -1
106 47 +1
106 181 +1
106 327 -1
106 141 -1
107 21 +1
107 141 +1
107 293 -1
107 181 -1
108 47 +1
108 213 +1
108 383 +1
108 673 -1
108 293 -1
108 327 -1
109 383 +1
109 317 +1
109 695 -1
110 293 +1
110 135 +1
110 147 -1
110 103 -1
111 675 +1
111 35 +1
111 509 -1
111 37 -1
112 573 +1
112 21 +1
112 569 -1
112 389 -1
113 195 +1
113 189 +1
113 285 -1
113 187 -1
114 21 +1
114 327 +1
114 19 -1
114 293 -1
115 47 +1
115 113 +1
115 43 -1
115 327 -1
116 47 +1
116 161 +1
116 113 -1
116 327 -1
117 569 +1
117 317 +1
117 571 -1
118 649 +1
118 495 +1
118 653 -1
118 715 -1
119 15 +1
119 21 +1
119 7 -1
120 13 +1
120 473 -1
120 27 -1
121 21 +1
121 473 +1
121 231 -1
122 491 +1
122 85 +1
122 487 +1
122 471 -1
122 481 -1
122 381 -1
122 493 -1
123 475 +1
123 549 +1
123 521 -1
124 491 +1
124 523 +1
124 517 -1
124 381 -1
124 493 -1
125 475 +1
125 491 +1
125 517 +1
125 381 -1
125 519 -1
125 493 -1
126 163 +1
126 303 -1
127 211 +1
127 491 +1
127 487 +1
127 471 -1
127 77 -1
127 381 -1
127 493 -1
128 697 +1
128 507 +1
128 675 -1
128 51 -1
128 699 -1
129 491 +1
129 517 +1
129 487 +1
129 471 -1
129 553 -1
129 381 -1
129 493 -1
130 491 +1
130 487 +1
130 557 +1
130 471 -1
130 537 -1
130 381 -1
130 493 -1
131 189 +1
131 183 -1
131 475 -1
132 187 +1
132 179 -1
132 21 -1
133 317 +1
133 659 +1
133 321 -1
133 683 -1
134 491 +1
134 555 +1
134 487 +1
134 471 -1
134 547 -1
134 381 -1
134 493 -1
135 47 +2
135 21 +1
135 163 +1
135 87 +1
135 213 -1
135 117 -1
135 293 -1
135 327 -2
136 551 +1
136 491 +1
136 487 +1
136 543 -1
136 471 -1
136 381 -1
136 493 -1
137 47 +1
137 593 +1
137 389 +1
137 595 -1
137 29 -1
137 19 -1
138 475 +7
138 491 +7
138 57 +1
138 487 +7
138 451 +9.8
138 457 -9.8
138 481 -8
138 381 -7
138 493 -7
139 47 +1
139 63 +1
139 87 +1
139 293 -1
139 71 -1
139 327 -1
140 315 +1
140 47 +1
140 489 +1
140 75 -1
140 19 -1
140 29 -1
141 63 +1
141 71 +7
141 209 +14
141 37 +14
141 321 -7
141 21 -6
141 35 -14
141 315 -1
141 489 -8
142 649 +1
142 401 +1
142 651 -1
142 653 -1
143 21 +1
143 723 +1
143 409 -1
143 293 -1
144 471 +1
144 475 +1
144 381 -1
144 497 -1
145 321 +1
145 21 +1
145 209 -1
145 87 -1
146 9 +1
146 45 +1
146 33 -1
146 339 -1
147 209 +1
147 37 +1
147 643 +1
147 561 -1
147 645 -1
147 35 -1
148 395 +1
148 397 -1
149 47 +1
149 163 +1
149 201 +1
149 21 +1
149 213 -1
149 293 -1
149 153 -1
149 327 -1
150 293 +1
150 137 +1
150 129 -1
150 103 -1
151 561 +1
151 21 +1
151 35 +1
151 563 -1
151 209 -1
151 37 -1
152 471 +1
152 457 +2
152 247 +1
152 475 +1
152 55 -1
152 459 -1
152 451 -2
153 61 +1
153 439 +1
153 213 -1
153 659 -1
154 397 +1
154 661 -1
154 51 -1
155 665 +1
155 21 +1
155 379 -1
155 383 -1
155 51 -1
156 25 +1
156 699 +1
156 719 -1
156 209 -1
156 79 -1
157 453 +1
157 471 -1
157 271 -1
158 21 +1
158 121 +1
158 293 -1
158 141 -1
159 179 +1
159 275 +1
159 21 -1
159 709 -1
160 205 +1
160 453 -1
160 481 -1
161 329 +1
161 491 +1
161 453 -1
161 381 -1
161 493 -1
162 403 +1
162 405 -1
163 21 +1
163 25 +1
163 147 +1
163 129 -1
163 209 -1
163 79 -1
164 21 +1
164 147 +1
164 317 +1
164 129 -1
164 511 -1
165 413 +1
165 25 +1
165 667 -1
165 209 -1
165 79 -1
166 47 +1
166 353 +1
166 401 +1
166 29 -1
166 19 -1
166 355 -1
167 21 +1
167 237 +1
167 273 -1
167 225 -1
168 437 +1
168 439 -1
169 413 +1
169 379 -1
169 51 -1
170 21 +1
170 351 +1
170 671 -1
170 213 -1
171 47 +1
171 17 +1
171 95 -1
171 327 -1
172 35 +1
172 1 +1
172 15 -1
172 209 -1
172 37 -1
173 215 +1
173 481 +1
173 487 -1
173 73 -1
174 211 +1
174 249 +1
174 215 -1
174 85 -1
175 61 +1
175 389 +1
175 213 -1
175 221 -1
176 543 +1
176 535 +1
176 539 -1
176 527 -1
177 303 +1
177 475 +1
177 215 -1
177 247 -1
178 47 +1
178 213 +1
178 51 +1
178 163 -1
178 293 -1
178 327 -1
179 111 +1
179 321 -1
179 109 -1
180 47 +1
180 313 +1
180 327 -1
180 109 -1
181 21 +1
181 109 +1
181 313 -1
181 293 -1
182 307 +1
182 181 -1
183 47 +1
183 191 +1
183 327 -1
183 331 -1
184 25 +1
184 331 +1
184 145 -1
184 209 -1
184 79 -1
185 653 +1
185 21 +1
185 689 -1
185 305 -1
186 29 +1
186 19 +1
186 105 -1
186 125 -1
187 475 +1
187 521 +1
187 523 -1
187 487 -1
188 463 +1
188 211 +1
188 215 -1
188 555 -1
189 475 +1
189 219 +1
189 203 -1
189 247 -1
189 85 -1
190 575 +1
190 21 +1
190 577 -1
190 579 -1
191 687 +1
191 25 +1
191 675 -1
191 209 -1
191 79 -1
192 217 +1
192 47 +1
192 229 +1
192 29 -1
192 19 -1
192 81 -1
193 443 +1
193 317 +1
193 575 -1
194 217 +1
194 47 +1
194 23 +1
194 131 -1
194 293 -1
194 327 -1
195 655 +1
195 657 -1
195 221 -1
196 1 +1
196 3 -1
197 433 +1
197 435 -1
198 47 +1
198 339 +1
198 105 -1
198 19 -1
199 285 +1
199 299 -1
200 47 +1
200 591 +1
200 439 +1
200 29 -1
200 347 -1
200 19 -1
201 719 +1
201 405 +1
201 321 -1
201 697 -1
202 727 +1
202 21 -1
202 661 -1
203 209 +1
203 703 +1
203 509 -1
203 51 -1
204 47 +1
204 231 +1
204 327 -1
204 1 -1
205 47 +1
205 563 +1
205 29 -1
205 641 -1
206 217 +1
206 155 +1
206 39 +1
206 243 -1
206 293 -1
206 121 -1
207 379 +1
207 209 +1
207 207 -1
207 381 -1
208 155 +1
208 51 +1
208 35 +1
208 209 -1
208 37 -1
208 141 -1
209 155 +1
209 29 +1
209 105 -1
209 147 -1
210 21 +1
210 129 +1
210 317 +1
210 199 -1
210 511 -1
211 35 +1
211 187 +1
211 321 -1
211 209 -1
211 37 -1
211 221 -1
212 21 +1
212 1 +1
212 231 -1
212 293 -1
213 285 +1
213 487 +1
213 475 -1
213 481 -1
213 185 -1
214 195 +1
214 47 +1
214 489 +1
214 63 -1
214 293 -1
214 327 -1
214 91 -1
215 217 +1
215 61 +1
215 213 -1
215 91 -1
216 67 +1
216 211 +1
216 215 -1
216 185 -1
217 553 +1
217 481 +1
217 529 -1
217 487 -1
218 525 +1
218 475 -1
218 527 -1
219 693 +1
219 35 +1
219 469 -1
219 209 -1
219 37 -1
220 21 +1
220 335 +1
220 293 -1
220 3 -1
221 113 +1
221 21 +1
221 161 -1
221 293 -1
222 61 +1
222 317 +1
222 419 +1
222 321 -1
222 297 -1
222 705 -1
223 35 +1
223 419 +1
223 375 -1
223 209 -1
223 37 -1
224 457 +1
224 553 +1
224 497 +1
224 459 -1
224 451 -1
224 545 -1
225 193 +1
225 191 -1
226 21 +1
226 245 +1
226 175 -1
227 83 +1
227 1 -1
228 535 +1
228 537 +1
228 539 -1
228 531 -1
229 513 +1
229 475 -1
229 171 -1
230 683 +1
230 317 +1
230 685 -1
231 685 +1
231 709 -1
232 369 +1
232 21 +1
232 25 +1
232 297 -1
232 209 -1
232 79 -1
233 729 +1
233 293 +1
233 729 -1
233 121 -1
234 729 +1
234 293 +1
234 729 -1
234 27 -1
235 383 +1
235 219 -1
236 295 +1
236 499 +1
236 487 +1
236 77 -1
236 459 -1
236 501 -1
237 221 +1
237 209 +1
237 85 -1
237 381 -1
238 47 +1
238 729 +1
238 729 -1
238 29 -1
239 385 +1
239 211 +1
239 223 -1
239 61 -1
240 729 +1
240 293 +1
240 729 -1
240 327 -1
241 225 +1
241 227 +1
241 89 -1
241 229 -1
242 29 +1
242 293 +1
242 649 +1
242 47 -1
242 21 -1
242 401 -1
243 35 +1
243 705 +1
243 209 -1
243 37 -1
243 707 -1
244 233 +1
244 235 -1
245 387 +1
245 389 -1
246 65 +1
246 237 -1
247 149 +1
247 213 -1
248 103 +1
248 339 -1
249 239 +1
249 163 -1
250 47 +1
250 49 +1
250 123 -1
250 327 -1
251 391 +1
251 393 -1
252 213 +1
252 29 +1
252 151 +1
252 105 -1
252 21 -1
252 163 -1
253 241 +1
253 217 -1
254 95 +1
254 145 -1
254 45 -1
255 657 +1
255 389 +1
255 405 -1
255 221 -1
256 399 +1
256 401 -1
257 409 +1
257 689 +1
257 665 -1
257 21 -1
258 325 +1
258 53 -1
259 407 +1
259 409 -1
260 411 +1
260 413 -1
261 9 +1
261 45 +1
261 337 -1
261 3 -1
262 415 +1
262 383 -1
263 25 +1
263 53 +1
263 711 -1
263 209 -1
263 79 -1
264 417 +1
264 419 -1
265 47 +1
265 53 +1
265 333 -1
265 327 -1
266 421 +1
266 423 -1
267 21 +1
267 333 +1
267 293 -1
267 53 -1
268 425 +1
268 427 -1
269 429 +1
269 431 -1
270 21 +1
270 663 +1
270 51 -1
270 61 -1
271 491 +1
271 525 +1
271 529 -1
271 381 -1
271 493 -1
272 717 +1
272 61 +1
272 369 -1
272 213 -1
273 205 +1
273 533 -1
273 475 -1
274 213 +1
274 321 -1
274 717 -1
275 47 +1
275 153 +1
275 293 -1
275 139 -1
275 327 -1
276 299 +1
276 483 +1
276 471 -1
276 211 -1
276 381 -1
276 485 -1
277 301 +1
277 35 +1
277 321 -1
277 61 -1
277 209 -1
277 37 -1
278 445 +1
278 447 -1
279 163 +1
279 239 -1
280 51 +1
280 247 -1
281 21 +1
281 19 +1
281 155 -1
281 51 -1
282 21 +1
282 19 +1
282 293 -1
282 305 -1
283 389 +1
283 249 -1
284 47 +1
284 305 +1
284 19 -1
284 327 -1
285 253 +1
285 251 -1
286 577 +1
286 209 +1
286 37 +1
286 317 +1
286 573 -1
286 35 -1
286 21 -1
287 255 +1
287 259 -1
288 47 +1
288 365 +1
288 427 +1
288 29 -1
288 19 -1
288 631 -1
289 369 +1
289 21 +1
289 35 +1
289 297 -1
289 209 -1
289 37 -1
290 47 +1
290 443 +1
290 361 +1
290 29 -1
290 19 -1
290 363 -1
291 199 +1
291 263 -1
292 47 +1
292 609 +1
292 419 +1
292 29 -1
292 19 -1
292 357 -1
293 265 +1
293 449 -1
294 47 +1
294 637 +1
294 435 +1
294 29 -1
294 19 -1
294 639 -1
295 267 +1
295 257 -1
296 47 +1
296 413 +1
296 627 +1
296 629 -1
296 29 -1
296 19 -1
297 269 +1
297 315 -1
298 349 +1
298 409 +1
298 47 +1
298 599 -1
298 29 -1
298 19 -1
299 315 +1
299 269 -1
300 273 +1
300 261 -1
301 329 +1
301 451 +1
301 267 -1
301 327 -1
302 453 +1
302 451 +1
302 275 -1
302 327 -1
303 729 +1
303 293 +1
303 729 -1
303 43 -1
304 441 +1
304 443 -1
305 729 +1
305 39 +1
305 729 -1
305 29 -1
306 275 +1
306 455 -1
307 729 +1
307 41 +1
307 729 -1
307 29 -1
308 277 +1
308 279 -1
309 729 +1
309 31 +1
309 729 -1
309 29 -1
310 47 +1
310 291 +1
310 327 -1
310 3 -1
311 281 +1
311 283 -1
312 95 +1
312 21 +1
312 293 -1
312 3 -1
313 179 +1
313 183 -1
314 21 +1
314 29 +1
314 293 -2
315 475 +1
315 477 +1
315 459 -2
316 283 +1
316 287 -1
317 511 +2
317 21 -2
317 317 -1
318 289 +1
318 291 -1
319 327 +1
319 457 +1
319 451 -1
319 47 -1
320 687 +1
320 689 +1
320 507 -1
320 401 -1
321 505 +1
321 35 +1
321 21 +1
321 321 -1
321 507 -1
321 209 -1
321 37 -1
322 209 +1
322 293 +1
322 381 -1
322 459 -1
323 47 +1
323 507 +1
323 579 +1
323 505 -1
323 293 -1
323 327 -1
324 213 +1
324 67 +1
324 215 -1
324 217 -1
325 457 +1
325 85 +1
325 497 +1
325 459 -1
325 451 -1
325 185 -1
326 213 +1
326 209 +1
326 215 -1
326 381 -1
327 423 +1
327 209 +1
327 461 -1
327 381 -1
328 427 +1
328 209 +1
328 463 -1
328 381 -1
329 431 +1
329 209 +1
329 465 -1
329 381 -1
330 373 +1
330 435 +1
330 317 +1
330 21 -1
330 439 -1
330 721 -1
331 61 +1
331 295 +1
331 211 -1
331 297 -1
332 409 +1
332 51 -1
332 221 -1
333 505 +1
333 133 +1
333 201 -1
333 507 -1
334 21 +1
334 509 +1
334 133 +1
334 201 -1
334 507 -1
335 297 +1
335 459 +1
335 295 -1
335 293 -1
336 571 +1
336 321 -1
336 565 -1
337 45 +1
337 3 +1
337 33 -1
337 337 -1
338 155 +1
338 21 +1
338 25 +1
338 157 -1
338 209 -1
338 79 -1
339 195 +1
339 295 +1
339 285 -1
339 297 -1
340 645 +1
340 641 +1
340 19 -1
340 643 -1
341 195 +1
341 253 +1
341 285 -1
341 251 -1
342 713 +1
342 371 -1
342 221 -1
343 21 +1
343 305 +1
343 51 -1
343 135 -1
344 197 +1
344 305 -1
345 293 +1
345 305 +1
345 125 -1
345 103 -1
346 461 +1
346 211 +1
346 215 -1
346 557 -1
347 307 +1
347 181 -1
348 541 +1
348 545 -1
349 309 +1
349 161 -1
350 47 +1
350 291 +1
350 327 -1
350 17 -1
351 311 +1
351 313 -1
352 47 +1
352 405 +1
352 151 +1
352 133 -1
352 293 -1
352 327 -1
353 467 +1
353 469 -1
354 475 +1
354 541 +1
354 519 -1
354 487 -1
355 197 +1
355 305 -1
356 295 +1
356 457 +1
356 487 +1
356 77 -1
356 459 -1
356 451 -1
357 309 +1
357 161 -1
358 563 +1
358 61 +1
358 213 -1
358 385 -1
359 311 +1
359 313 -1
360 69 +1
360 317 -1
361 35 +1
361 385 +1
361 51 +1
361 21 -1
361 567 -1
361 209 -1
361 37 -1
362 319 +1
362 321 -1
363 25 +1
363 385 +1
363 489 +1
363 321 -1
363 367 -1
363 209 -1
363 79 -1
364 317 +1
364 323 -1
365 271 +1
365 451 +1
365 265 -1
365 327 -1
366 321 +1
366 471 -1
367 21 +2
367 35 +1
367 707 +1
367 677 -1
367 209 -1
367 37 -1
368 565 +1
368 21 +1
368 25 +1
368 567 -1
368 209 -1
368 79 -1
369 21 +1
369 707 +1
369 679 -1
370 505 +1
370 127 +1
370 143 -1
370 507 -1
371 21 +1
371 25 +1
371 277 +1
371 283 -1
371 209 -1
371 79 -1
372 475 +1
372 491 +1
372 279 +1
372 281 -1
372 381 -1
372 493 -1
373 325 +1
373 21 -1
373 251 -1
374 21 +1
374 35 +1
374 559 +1
374 209 -1
374 61 -1
374 447 -1
374 37 -1
375 689 +1
375 649 +1
375 653 -1
375 401 -1
376 293 +1
376 25 +1
376 45 +1
376 333 -1
376 209 -1
376 79 -1
377 173 +1
377 491 +1
377 169 -1
377 381 -1
377 493 -1
378 47 +1
378 673 +1
378 405 +1
378 293 -1
378 351 -1
378 327 -1
379 515 +1
379 535 +1
379 471 -1
379 171 -1
379 539 -1
380 47 +1
380 3 +1
380 327 -1
380 335 -1
381 35 +1
381 7 +1
381 321 -1
381 209 -1
381 5 -1
381 37 -1
382 79 +1
382 209 +1
382 721 +1
382 373 -1
382 25 -1
383 39 +1
383 91 +1
383 321 -1
383 251 -1
383 121 -1
384 499 +1
384 185 +1
384 471 -1
384 253 -1
384 501 -1
385 475 +1
385 481 +1
385 281 -1
385 487 -1
386 375 +1
386 21 +2
386 25 +1
386 213 -1
386 209 -1
386 79 -1
387 97 +1
387 231 -1
388 207 +1
388 491 +1
388 487 +1
388 471 -1
388 553 -1
388 381 -1
388 493 -1
389 47 +1
389 293 -1
389 327 -1
390 457 +1
390 459 -1
390 451 -1
391 75 +1
391 487 +1
391 57 -1
391 489 -1
392 295 +1
392 451 +1.4
392 459 +1.4
392 323 +0.5
392 381 +2
392 183 -1
392 457 -1.4
392 475 -1
393 493 +1
393 381 +3
393 451 +2.3
393 459 +2.3
393 323 +0.5
393 491 -1
393 457 -2.3
393 475 -1
394 387 +1
394 389 -1
395 47 +1
395 283 +1
395 489 +1
395 29 -1
395 63 -1
395 19 -1
396 457 +1
396 281 +1
396 487 +1
396 477 -1
396 481 -1
396 503 -1
397 491 +1
397 539 +1
397 535 -1
397 381 -1
397 493 -1
398 173 +1
398 515 +1
398 167 -1
398 487 -1
399 169 +1
399 223 +1
399 471 -1
399 167 -1
400 177 +1
400 59 -1
401 203 +1
401 177 -1
402 547 +1
402 535 +1
402 549 -1
402 539 -1
403 377 +1
403 51 -1
404 275 +1
404 453 -1
405 265 +1
405 271 -1
406 267 +1
406 329 -1
407 389 +63
407 383 +35
407 213 +62
407 217 +36
407 405 +13
407 435 +35
407 431 +9
407 397 +16
407 447 +60
407 401 +7
407 423 +64
407 393 +17
407 163 +20
407 419 +24
407 409 +28
407 237 +27
407 413 +29
407 443 +2
407 427 +43
407 439 +19
407 47 +3040
407 731 -1
407 327 -3040
407 293 -3040
407 21 -608
408 1 +1
408 2 -1
409 3 +1
409 4 -1
410 5 +1
410 6 -1
411 7 +1
411 8 -1
412 9 +1
412 10 -1
413 11 +1
413 12 -1
414 13 +1
414 14 -1
415 15 +1
415 16 -1
416 17 +1
416 18 -1
417 19 +1
417 20 -1
418 21 +1
418 22 -1
419 23 +1
419 24 -1
420 25 +1
420 26 -1
421 27 +1
421 28 -1
422 29 +1
422 30 -1
423 31 +1
423 32 -1
424 33 +1
424 34 -1
425 35 +1
425 36 -1
426 37 +1
426 38 -1
427 39 +1
427 40 -1
428 41 +1
428 42 -1
429 43 +1
429 44 -1
430 45 +1
430 46 -1
431 47 +1
431 48 -1
432 49 +1
432 50 -1
433 51 +1
433 52 -1
434 53 +1
434 54 -1
435 55 +1
435 56 -1
436 57 +1
436 58 -1
437 59 +1
437 60 -1
438 61 +1
438 62 -1
439 63 +1
439 64 -1
440 65 +1
440 66 -1
441 67 +1
441 68 -1
442 69 +1
442 70 -1
443 71 +1
443 72 -1
444 73 +1
444 74 -1
445 75 +1
445 76 -1
446 77 +1
446 78 -1
447 79 +1
447 80 -1
448 81 +1
448 82 -1
449 83 +1
449 84 -1
450 85 +1
450 86 -1
451 87 +1
451 88 -1
452 89 +1
452 90 -1
453 91 +1
453 92 -1
454 93 +1
454 94 -1
455 95 +1
455 96 -1
456 97 +1
456 98 -1
457 99 +1
457 100 -1
458 101 +1
458 102 -1
459 103 +1
459 104 -1
460 105 +1
460 106 -1
461 107 +1
461 108 -1
462 109 +1
462 110 -1
463 111 +1
463 112 -1
464 113 +1
464 114 -1
465 115 +1
465 116 -1
466 117 +1
466 118 -1
467 119 +1
467 120 -1
468 121 +1
468 122 -1
469 123 +1
469 124 -1
470 125 +1
470 126 -1
471 127 +1
471 128 -1
472 129 +1
472 130 -1
473 131 +1
473 132 -1
474 133 +1
474 134 -1
475 135 +1
475 136 -1
476 137 +1
476 138 -1
477 139 +1
477 140 -1
478 141 +1
478 142 -1
479 143 +1
479 144 -1
480 145 +1
480 146 -1
481 147 +1
481 148 -1
482 149 +1
482 150 -1
483 151 +1
483 152 -1
484 153 +1
484 154 -1
485 155 +1
485 156 -1
486 157 +1
486 158 -1
487 159 +1
487 160 -1
488 161 +1
488 162 -1
489 163 +1
489 164 -1
490 165 +1
490 166 -1
491 167 +1
491 168 -1
492 169 +1
492 170 -1
493 171 +1
493 172 -1
494 173 +1
494 174 -1
495 175 +1
495 176 -1
496 177 +1
496 178 -1
497 179 +1
497 180 -1
498 181 +1
498 182 -1
499 183 +1
499 184 -1
500 185 +1
500 186 -1
501 187 +1
501 188 -1
502 189 +1
502 190 -1
503 191 +1
503 192 -1
504 193 +1
504 194 -1
505 195 +1
505 196 -1
506 197 +1
506 198 -1
507 199 +1
507 200 -1
508 201 +1
508 202 -1
509 203 +1
509 204 -1
510 205 +1
510 206 -1
511 207 +1
511 208 -1
512 209 +1
512 210 -1
513 211 +1
513 212 -1
514 213 +1
514 214 -1
515 215 +1
515 216 -1
516 217 +1
516 218 -1
517 219 +1
517 220 -1
518 221 +1
518 222 -1
519 223 +1
519 224 -1
520 225 +1
520 226 -1
521 227 +1
521 228 -1
522 229 +1
522 230 -1
523 231 +1
523 232 -1
524 233 +1
524 234 -1
525 235 +1
525 236 -1
526 237 +1
526 238 -1
527 239 +1
527 240 -1
528 241 +1
528 242 -1
529 243 +1
529 244 -1
530 245 +1
530 246 -1
531 247 +1
531 248 -1
532 249 +1
532 250 -1
533 251 +1
533 252 -1
534 253 +1
534 254 -1
535 255 +1
535 256 -1
536 257 +1
536 258 -1
537 259 +1
537 260 -1
538 261 +1
538 262 -1
539 263 +1
539 264 -1
540 265 +1
540 266 -1
541 267 +1
541 268 -1
542 269 +1
542 270 -1
543 271 +1
543 272 -1
544 273 +1
544 274 -1
545 275 +1
545 276 -1
546 277 +1
546 278 -1
547 279 +1
547 280 -1
548 281 +1
548 282 -1
549 283 +1
549 284 -1
550 285 +1
550 286 -1
551 287 +1
551 288 -1
552 289 +1
552 290 -1
553 291 +1
553 292 -1
554 293 +1
554 294 -1
555 295 +1
555 296 -1
556 297 +1
556 298 -1
557 299 +1
557 300 -1
558 301 +1
558 302 -1
559 303 +1
559 304 -1
560 305 +1
560 306 -1
561 307 +1
561 308 -1
562 309 +1
562 310 -1
563 311 +1
563 312 -1
564 313 +1
564 314 -1
565 315 +1
565 316 -1
566 317 +1
566 318 -1
567 319 +1
567 320 -1
568 321 +1
568 322 -1
569 323 +1
569 324 -1
570 325 +1
570 326 -1
571 327 +1
571 328 -1
572 329 +1
572 330 -1
573 331 +1
573 332 -1
574 333 +1
574 334 -1
575 335 +1
575 336 -1
576 337 +1
576 338 -1
577 339 +1
577 340 -1
578 341 +1
578 342 -1
579 343 +1
579 344 -1
580 345 +1
580 346 -1
581 347 +1
581 348 -1
582 349 +1
582 350 -1
583 351 +1
583 352 -1
584 353 +1
584 354 -1
585 355 +1
585 356 -1
586 357 +1
586 358 -1
587 359 +1
587 360 -1
588 361 +1
588 362 -1
589 363 +1
589 364 -1
590 365 +1
590 366 -1
591 367 +1
591 368 -1
592 369 +1
592 370 -1
593 371 +1
593 372 -1
594 373 +1
594 374 -1
595 375 +1
595 376 -1
596 377 +1
596 378 -1
597 379 +1
597 380 -1
598 381 +1
598 382 -1
599 383 +1
599 384 -1
600 385 +1
600 386 -1
601 387 +1
601 388 -1
602 389 +1
602 390 -1
603 391 +1
603 392 -1
604 393 +1
604 394 -1
605 395 +1
605 396 -1
606 397 +1
606 398 -1
607 399 +1
607 400 -1
608 401 +1
608 402 -1
609 403 +1
609 404 -1
610 405 +1
610 406 -1
611 407 +1
611 408 -1
612 409 +1
612 410 -1
613 411 +1
613 412 -1
614 413 +1
614 414 -1
615 415 +1
615 416 -1
616 417 +1
616 418 -1
617 419 +1
617 420 -1
618 421 +1
618 422 -1
619 423 +1
619 424 -1
620 425 +1
620 426 -1
621 427 +1
621 428 -1
622 429 +1
622 430 -1
623 431 +1
623 432 -1
624 433 +1
624 434 -1
625 435 +1
625 436 -1
626 437 +1
626 438 -1
627 439 +1
627 440 -1
628 441 +1
628 442 -1
629 443 +1
629 444 -1
630 445 +1
630 446 -1
631 447 +1
631 448 -1
632 449 +1
632 450 -1
633 451 +1
633 452 -1
634 453 +1
634 454 -1
635 455 +1
635 456 -1
636 457 +1
636 458 -1
637 459 +1
637 460 -1
638 461 +1
638 462 -1
639 463 +1
639 464 -1
640 465 +1
640 466 -1
641 467 +1
641 468 -1
642 469 +1
642 470 -1
643 471 +1
643 472 -1
644 473 +1
644 474 -1
645 475 +1
645 476 -1
646 477 +1
646 478 -1
647 479 +1
647 480 -1
648 481 +1
648 482 -1
649 483 +1
649 484 -1
650 485 +1
650 486 -1
651 487 +1
651 488 -1
652 489 +1
652 490 -1
653 491 +1
653 492 -1
654 493 +1
654 494 -1
655 495 +1
655 496 -1
656 497 +1
656 498 -1
657 499 +1
657 500 -1
658 501 +1
658 502 -1
659 503 +1
659 504 -1
660 505 +1
660 506 -1
661 507 +1
661 508 -1
662 509 +1
662 510 -1
663 511 +1
663 512 -1
664 513 +1
664 514 -1
665 515 +1
665 516 -1
666 517 +1
666 518 -1
667 519 +1
667 520 -1
668 521 +1
668 522 -1
669 523 +1
669 524 -1
670 525 +1
670 526 -1
671 527 +1
671 528 -1
672 529 +1
672 530 -1
673 531 +1
673 532 -1
674 533 +1
674 534 -1
675 535 +1
675 536 -1
676 537 +1
676 538 -1
677 539 +1
677 540 -1
678 541 +1
678 542 -1
679 543 +1
679 544 -1
680 545 +1
680 546 -1
681 547 +1
681 548 -1
682 549 +1
682 550 -1
683 551 +1
683 552 -1
684 553 +1
684 554 -1
685 555 +1
685 556 -1
686 557 +1
686 558 -1
687 559 +1
687 560 -1
688 561 +1
688 562 -1
689 563 +1
689 564 -1
690 565 +1
690 566 -1
691 567 +1
691 568 -1
692 569 +1
692 570 -1
693 571 +1
693 572 -1
694 573 +1
694 574 -1
695 575 +1
695 576 -1
696 577 +1
696 578 -1
697 579 +1
697 580 -1
698 581 +1
698 582 -1
699 583 +1
699 584 -1
700 585 +1
700 586 -1
701 587 +1
701 588 -1
702 589 +1
702 590 -1
703 591 +1
703 592 -1
704 593 +1
704 594 -1
705 595 +1
705 596 -1
706 597 +1
706 598 -1
707 599 +1
707 600 -1
708 601 +1
708 602 -1
709 603 +1
709 604 -1
710 605 +1
710 606 -1
711 607 +1
711 608 -1
712 609 +1
712 610 -1
713 611 +1
713 612 -1
714 613 +1
714 614 -1
715 615 +1
715 616 -1
716 617 +1
716 618 -1
717 619 +1
717 620 -1
718 621 +1
718 622 -1
719 623 +1
719 624 -1
720 625 +1
720 626 -1
721 627 +1
721 628 -1
722 629 +1
722 630 -1
723 631 +1
723 632 -1
724 633 +1
724 634 -1
725 635 +1
725 636 -1
726 637 +1
726 638 -1
727 639 +1
727 640 -1
728 641 +1
728 642 -1
729 643 +1
729 644 -1
730 645 +1
730 646 -1
731 647 +1
731 648 -1
732 649 +1
732 650 -1
733 651 +1
733 652 -1
734 653 +1
734 654 -1
735 655 +1
735 656 -1
736 657 +1
736 658 -1
737 659 +1
737 660 -1
738 661 +1
738 662 -1
739 663 +1
739 664 -1
740 665 +1
740 666 -1
741 667 +1
741 668 -1
742 669 +1
742 670 -1
743 671 +1
743 672 -1
744 673 +1
744 674 -1
745 675 +1
745 676 -1
746 677 +1
746 678 -1
747 679 +1
747 680 -1
748 681 +1
748 682 -1
749 683 +1
749 684 -1
750 685 +1
750 686 -1
751 687 +1
751 688 -1
752 689 +1
752 690 -1
753 691 +1
753 692 -1
754 693 +1
754 694 -1
755 695 +1
755 696 -1
756 697 +1
756 698 -1
757 699 +1
757 700 -1
758 701 +1
758 702 -1
759 703 +1
759 704 -1
760 705 +1
760 706 -1
761 707 +1
761 708 -1
762 709 +1
762 710 -1
763 711 +1
763 712 -1
764 713 +1
764 714 -1
765 715 +1
765 716 -1
766 717 +1
766 718 -1
767 719 +1
767 720 -1
768 721 +1
768 722 -1
769 723 +1
769 724 -1
770 725 +1
770 726 -1
771 727 +1
771 728 -1
772 729 +1
772 730 -1
773 731 +1
773 732 -1
